-4.376478493213653564e-01
-4.756432473659515381e-01
1.172469705343246460e-01
1.508974432945251465e-01
7.482210397720336914e-01
-7.294892072677612305e-01
-9.471681714057922363e-01
-2.437673658132553101e-01
6.416221857070922852e-01
-5.679566264152526855e-01
-9.311731457710266113e-01
-6.035159230232238770e-01
2.091028243303298950e-01
-6.267513632774353027e-01
4.544712901115417480e-01
-8.597731590270996094e-01
5.488651990890502930e-01
3.724654614925384521e-01
-6.677341461181640625e-01
-7.621955871582031250e-01
-7.706480026245117188e-01
9.794520139694213867e-01
9.218689799308776855e-01
-5.112974718213081360e-02
9.812101125717163086e-01
9.939324855804443359e-01
9.286234974861145020e-01
9.977459907531738281e-01
8.765951395034790039e-01
-8.587074279785156250e-01
-5.327144265174865723e-01
-1.512086391448974609e-01
5.216597928665578365e-04
7.330362796783447266e-01
6.631867885589599609e-01
5.251763463020324707e-01
-9.868484139442443848e-01
9.352719783782958984e-01
-7.490876913070678711e-01
6.541411876678466797e-01
-9.758780002593994141e-01
-9.734544754028320312e-01
8.788346648216247559e-01
3.668754994869232178e-01
-1.700930893421173096e-01
-9.719220995903015137e-01
-2.816104292869567871e-01
-6.086246967315673828e-01
8.166744709014892578e-01
7.606775760650634766e-01
9.202749729156494141e-01
-2.482247203588485718e-01
3.406526148319244385e-01
4.336504638195037842e-01
6.610124707221984863e-01
-6.479169130325317383e-01
-7.846718430519104004e-01
-6.449352502822875977e-01
-7.505249977111816406e-01
-6.773981451988220215e-01
9.938314557075500488e-01
7.226886749267578125e-01
-7.028511762619018555e-01
7.486248016357421875e-01
-7.202867269515991211e-01
3.600478172302246094e-01
-8.944447636604309082e-01
9.456449747085571289e-01
8.878776431083679199e-01
-5.524055957794189453e-01
-9.966598153114318848e-01
4.085832536220550537e-01
9.743035435676574707e-01
-9.860936999320983887e-01
9.933608770370483398e-01
-2.184339165687561035e-01
9.709626436233520508e-01
-5.664258599281311035e-01
5.027591586112976074e-01
8.412303328514099121e-01
9.288334250450134277e-01
-9.115926623344421387e-01
-9.100311994552612305e-01
4.620129466056823730e-01
-5.667916536331176758e-01
-2.815439403057098389e-01
-3.304265141487121582e-01
-9.412630796432495117e-01
9.482809901237487793e-02
-5.203363299369812012e-01
-1.876429319381713867e-01
-3.867823481559753418e-01
5.552643537521362305e-01
-3.859097361564636230e-01
9.727138876914978027e-01
-3.486551716923713684e-02
-5.072759836912155151e-02
9.205369353294372559e-01
9.458957910537719727e-01
9.153765439987182617e-01
-5.465117692947387695e-01
