1.959214955568313599e-01
5.266543626785278320e-01
-1.572960019111633301e-01
-2.914927899837493896e-01
6.634918451309204102e-01
-5.848045349121093750e-01
-5.574690103530883789e-01
6.298975348472595215e-01
7.351777553558349609e-01
-4.927971959114074707e-01
-7.439878582954406738e-01
3.030082397162914276e-02
2.567991986870765686e-02
2.838102877140045166e-01
5.113523602485656738e-01
1.623778343200683594e-01
-5.783138871192932129e-01
-6.512179970741271973e-02
4.312357604503631592e-01
1.464866697788238525e-01
-6.022335290908813477e-01
-9.345387667417526245e-02
-2.208723425865173340e-01
-4.564836323261260986e-01
4.296188354492187500e-01
3.434296250343322754e-01
6.636340618133544922e-01
6.657883524894714355e-01
-8.858092129230499268e-02
-6.536015272140502930e-01
3.466215431690216064e-01
5.101733803749084473e-01
5.581106543540954590e-01
5.620328783988952637e-01
5.224518775939941406e-01
1.771513372659683228e-01
9.817688167095184326e-02
4.692199230194091797e-01
-7.285872697830200195e-01
4.775325357913970947e-01
2.933484017848968506e-01
2.844349443912506104e-01
-2.641895413398742676e-01
2.607861757278442383e-01
2.378051280975341797e-01
-7.584643363952636719e-01
-4.266839623451232910e-01
4.778399765491485596e-01
-6.205931901931762695e-01
-3.275420367717742920e-01
4.907403886318206787e-01
5.187513232231140137e-01
-6.701269745826721191e-01
4.290243685245513916e-01
-6.185091137886047363e-01
7.143775820732116699e-01
-1.147829666733741760e-01
1.158027872443199158e-01
3.155408501625061035e-01
-6.055390238761901855e-01
5.973609685897827148e-01
-6.116101741790771484e-01
-7.092105746269226074e-01
2.188580334186553955e-01
2.760080397129058838e-01
6.554846167564392090e-01
-6.595647335052490234e-01
-2.090479731559753418e-01
6.294143199920654297e-01
5.202711820602416992e-01
-6.557428240776062012e-01
-6.722457706928253174e-02
1.168524250388145447e-01
-5.808570384979248047e-01
5.269537568092346191e-01
5.733685567975044250e-02
-3.415740430355072021e-01
4.701213836669921875e-01
3.519615232944488525e-01
6.223540902137756348e-01
3.361318707466125488e-01
-6.855415701866149902e-01
4.812859296798706055e-01
4.190322756767272949e-01
2.431818544864654541e-01
-5.565066337585449219e-01
8.015928417444229126e-02
7.687786221504211426e-01
-1.366663128137588501e-01
-5.012389421463012695e-01
-7.558880448341369629e-01
7.361602783203125000e-02
3.883803486824035645e-01
-4.461379721760749817e-03
2.596753239631652832e-01
3.594545722007751465e-01
4.867172241210937500e-01
7.150892019271850586e-01
6.322570145130157471e-02
-6.291244029998779297e-01
8.373209089040756226e-02
